chunk_index,case_id,source_file,chunk_index_within_file,topic_0,topic_1,topic_2,topic_3,topic_4,topic_5,topic_6,topic_7,topic_8,topic_9
0,1,C001_P1_pdf.txt,0,0.0004,0.9962,0.0004,0.0004,0.0004,0.0004,0.0004,0.0004,0.0004,0.0004
1,1,C001_P1_pdf.txt,1,0.0002,0.9433,0.0002,0.0002,0.0002,0.0002,0.0002,0.0002,0.0547,0.0002
2,1,C001_P1_pdf.txt,2,0.0002,0.9979,0.0002,0.0002,0.0002,0.0002,0.0002,0.0002,0.0002,0.0002
3,1,C001_P1_pdf.txt,3,0.0003,0.9976,0.0003,0.0003,0.0003,0.0003,0.0003,0.0003,0.0003,0.0003
4,1,C001_P1_pdf.txt,4,0.0003,0.9974,0.0003,0.0003,0.0003,0.0003,0.0003,0.0003,0.0003,0.0003
5,1,C001_P1_pdf.txt,5,0.0003,0.9976,0.0003,0.0003,0.0003,0.0003,0.0003,0.0003,0.0003,0.0003
6,1,C001_P1_pdf.txt,6,0.0003,0.8667,0.0003,0.0003,0.0003,0.0003,0.0003,0.0003,0.131,0.0003
7,1,C001_P1_pdf.txt,7,0.0007,0.986,0.0007,0.0007,0.0007,0.0007,0.0007,0.0007,0.0088,0.0007
8,1,C001_P1_pdf.txt,8,0.0005,0.9958,0.0005,0.0005,0.0005,0.0005,0.0005,0.0005,0.0005,0.0005
9,1,C001_P1_pdf.txt,9,0.0004,0.9967,0.0004,0.0004,0.0004,0.0004,0.0004,0.0004,0.0004,0.0004
10,1,C001_P1_pdf.txt,10,0.0003,0.9971,0.0003,0.0003,0.0003,0.0003,0.0003,0.0003,0.0003,0.0003
11,1,C001_P1_pdf.txt,11,0.0003,0.8671,0.0381,0.0003,0.0003,0.0003,0.0003,0.0003,0.0929,0.0003
12,1,C001_P1_pdf.txt,12,0.0005,0.7983,0.0005,0.0005,0.0531,0.0005,0.0005,0.0005,0.1455,0.0005
13,1,C001_P1_pdf.txt,13,0.3919,0.3654,0.0067,0.0003,0.0003,0.0003,0.0003,0.208,0.0265,0.0003
14,1,C001_P1_pdf.txt,14,0.2942,0.4356,0.0006,0.0006,0.0006,0.0006,0.0006,0.242,0.0248,0.0006
15,1,C001_P1_pdf.txt,15,0.0008,0.6023,0.1742,0.0008,0.0008,0.0008,0.0008,0.2181,0.0008,0.0008
16,1,C001_S1.txt,0,0.0007,0.4876,0.0007,0.0007,0.0007,0.0116,0.0007,0.2406,0.2559,0.0007
17,1,C001_S1.txt,1,0.0004,0.9962,0.0004,0.0004,0.0004,0.0004,0.0004,0.0004,0.0004,0.0004
18,1,C001_S1.txt,2,0.0002,0.9433,0.0002,0.0002,0.0002,0.0002,0.0002,0.0002,0.0547,0.0002
19,1,C001_S1.txt,3,0.0002,0.9979,0.0002,0.0002,0.0002,0.0002,0.0002,0.0002,0.0002,0.0002
20,1,C001_S1.txt,4,0.0003,0.9976,0.0003,0.0003,0.0003,0.0003,0.0003,0.0003,0.0003,0.0003
21,1,C001_S1.txt,5,0.0003,0.9974,0.0003,0.0003,0.0003,0.0003,0.0003,0.0003,0.0003,0.0003
22,1,C001_S1.txt,6,0.0003,0.9976,0.0003,0.0003,0.0003,0.0003,0.0003,0.0003,0.0003,0.0003
23,1,C001_S1.txt,7,0.0003,0.8667,0.0003,0.0003,0.0003,0.0003,0.0003,0.0003,0.131,0.0003
24,2,C002_P1_pdf.txt,0,0.0004,0.6803,0.049,0.1026,0.0004,0.0004,0.0004,0.0004,0.1654,0.0004
25,2,C002_P1_pdf.txt,1,0.0005,0.5528,0.1405,0.1721,0.0005,0.0005,0.0785,0.0005,0.0539,0.0005
26,2,C002_P1_pdf.txt,2,0.0004,0.7241,0.0715,0.0539,0.0004,0.0004,0.0932,0.0004,0.0554,0.0004
27,2,C002_P1_pdf.txt,3,0.0006,0.516,0.0006,0.4791,0.0006,0.0006,0.0006,0.0006,0.0006,0.0006
28,2,C002_P1_pdf.txt,4,0.0006,0.6549,0.0006,0.0324,0.129,0.0006,0.1303,0.0006,0.0506,0.0006
29,2,C002_P1_pdf.txt,5,0.4009,0.45,0.0007,0.1445,0.0007,0.0007,0.0007,0.0007,0.0007,0.0007
30,2,C002_P1_pdf.txt,6,0.0006,0.6703,0.0006,0.1401,0.1852,0.0006,0.0006,0.0006,0.0006,0.0006
31,2,C002_S1.txt,0,0.0006,0.5221,0.0006,0.1214,0.0006,0.0006,0.0006,0.0006,0.3519,0.0006
32,2,C002_S1.txt,1,0.0004,0.8055,0.0004,0.0457,0.0466,0.0004,0.0004,0.0004,0.0997,0.0004
33,2,C002_S1.txt,2,0.0005,0.7284,0.0596,0.0005,0.1236,0.0005,0.0005,0.0005,0.0851,0.0005
34,2,C002_S1.txt,3,0.0006,0.4964,0.0006,0.1122,0.3041,0.0006,0.0006,0.0839,0.0006,0.0006
35,2,C002_S1.txt,4,0.0004,0.5213,0.0746,0.2481,0.0004,0.0004,0.0004,0.0004,0.0992,0.0545
36,2,C002_S1.txt,5,0.0006,0.6646,0.0833,0.1352,0.0439,0.0006,0.0006,0.0006,0.0701,0.0006
37,2,C002_S1.txt,6,0.0005,0.7103,0.0005,0.0881,0.0573,0.0005,0.0005,0.0005,0.1412,0.0005
38,2,C002_S1.txt,7,0.0005,0.5313,0.0005,0.3242,0.0005,0.0005,0.0005,0.0005,0.1407,0.0005
39,3,C003_P1_pdf.txt,0,0.0003,0.7514,0.1309,0.07,0.0003,0.0003,0.0003,0.0003,0.0457,0.0003
40,3,C003_P1_pdf.txt,1,0.0779,0.7668,0.0003,0.0003,0.0003,0.0003,0.0003,0.0003,0.1035,0.0498
41,3,C003_P1_pdf.txt,2,0.0003,0.8858,0.0003,0.0003,0.0003,0.0003,0.0003,0.0003,0.022,0.0902
42,3,C003_P1_pdf.txt,3,0.2405,0.6721,0.0003,0.0854,0.0003,0.0003,0.0003,0.0003,0.0003,0.0003
43,3,C003_P1_pdf.txt,4,0.6802,0.2192,0.0003,0.0951,0.0003,0.0003,0.0003,0.0003,0.0039,0.0003
44,3,C003_P1_pdf.txt,5,0.7437,0.2544,0.0002,0.0002,0.0002,0.0002,0.0002,0.0002,0.0002,0.0002
45,3,C003_P1_pdf.txt,6,0.632,0.354,0.0002,0.0002,0.0002,0.0002,0.0002,0.0002,0.0122,0.0002
46,3,C003_P1_pdf.txt,7,0.1409,0.5285,0.0888,0.1368,0.0003,0.0003,0.0003,0.0003,0.0755,0.0284
47,4,C004_P1_pdf.txt,0,0.0008,0.9932,0.0008,0.0008,0.0008,0.0008,0.0008,0.0008,0.0008,0.0008
48,4,C004_P1_pdf.txt,1,0.0001,0.9987,0.0001,0.0001,0.0001,0.0001,0.0001,0.0001,0.0001,0.0001
49,4,C004_P1_pdf.txt,2,0.0002,0.9983,0.0002,0.0002,0.0002,0.0002,0.0002,0.0002,0.0002,0.0002
50,4,C004_P1_pdf.txt,3,0.0003,0.9976,0.0003,0.0003,0.0003,0.0003,0.0003,0.0003,0.0003,0.0003
51,4,C004_P1_pdf.txt,4,0.2728,0.7245,0.0003,0.0003,0.0003,0.0003,0.0003,0.0003,0.0003,0.0003
52,4,C004_P1_pdf.txt,5,0.0001,0.9988,0.0001,0.0001,0.0001,0.0001,0.0001,0.0001,0.0001,0.0001
53,4,C004_P1_pdf.txt,6,0.0003,0.9971,0.0003,0.0003,0.0003,0.0003,0.0003,0.0003,0.0003,0.0003
54,4,C004_P1_pdf.txt,7,0.0003,0.9969,0.0003,0.0003,0.0003,0.0003,0.0003,0.0003,0.0003,0.0003
55,5,C005_P1_pdf.txt,0,0.0002,0.4945,0.2099,0.0002,0.0002,0.0535,0.0076,0.0564,0.1774,0.0002
56,5,C005_P1_pdf.txt,1,0.0002,0.5876,0.4108,0.0002,0.0002,0.0002,0.0002,0.0002,0.0002,0.0002
57,5,C005_P1_pdf.txt,2,0.0002,0.7401,0.0778,0.0002,0.0002,0.0488,0.0085,0.0002,0.1239,0.0002
58,5,C005_P1_pdf.txt,3,0.0003,0.0003,0.9977,0.0003,0.0003,0.0003,0.0003,0.0003,0.0003,0.0003
59,5,C005_P1_pdf.txt,4,0.0002,0.5065,0.2039,0.0002,0.0002,0.0857,0.1463,0.0002,0.0567,0.0002
60,5,C005_P1_pdf.txt,5,0.0003,0.6768,0.1944,0.0003,0.0003,0.0003,0.1037,0.0003,0.0232,0.0003
61,5,C005_P1_pdf.txt,6,0.0002,0.9538,0.0447,0.0002,0.0002,0.0002,0.0002,0.0002,0.0002,0.0002
62,5,C005_P1_pdf.txt,7,0.0002,0.8444,0.1538,0.0002,0.0002,0.0002,0.0002,0.0002,0.0002,0.0002
63,5,C005_P1_pdf.txt,8,0.0002,0.3625,0.6358,0.0002,0.0002,0.0002,0.0002,0.0002,0.0002,0.0002
64,5,C005_P1_pdf.txt,9,0.1413,0.2424,0.614,0.0003,0.0003,0.0003,0.0003,0.0003,0.0003,0.0003
65,5,C005_P1_pdf.txt,10,0.0967,0.3522,0.5475,0.0005,0.0005,0.0005,0.0005,0.0005,0.0005,0.0005
66,5,C005_P1_pdf.txt,11,0.0006,0.3308,0.5685,0.0006,0.0963,0.0006,0.0006,0.0006,0.0006,0.0006
67,5,C005_P1_pdf.txt,12,0.0002,0.9982,0.0002,0.0002,0.0002,0.0002,0.0002,0.0002,0.0002,0.0002
68,5,C005_P1_pdf.txt,13,0.0002,0.873,0.1252,0.0002,0.0002,0.0002,0.0002,0.0002,0.0002,0.0002
69,5,C005_P1_pdf.txt,14,0.0004,0.6299,0.3666,0.0004,0.0004,0.0004,0.0004,0.0004,0.0004,0.0004
70,5,C005_P1_pdf.txt,15,0.0002,0.9979,0.0002,0.0002,0.0002,0.0002,0.0002,0.0002,0.0002,0.0002
71,5,C005_P1_pdf.txt,16,0.0004,0.5235,0.4549,0.0004,0.0004,0.0004,0.0004,0.0004,0.0186,0.0004
72,5,C005_P1_pdf.txt,17,0.0002,0.7047,0.0541,0.0002,0.0002,0.0615,0.0991,0.0002,0.0796,0.0002
73,5,C005_P1_pdf.txt,18,0.0002,0.54,0.3889,0.0002,0.0002,0.0002,0.0002,0.0503,0.0002,0.0195
74,5,C005_P1_pdf.txt,19,0.6609,0.1599,0.0595,0.0007,0.0007,0.1157,0.0007,0.0007,0.0007,0.0007
75,5,C005_P1_pdf.txt,20,0.5693,0.0017,0.4171,0.0017,0.0017,0.0017,0.0017,0.0017,0.0017,0.0017
76,5,C005_P1_pdf.txt,21,0.235,0.1332,0.2273,0.0011,0.0011,0.0011,0.0011,0.3433,0.0559,0.0011
77,5,C005_P1_pdf.txt,22,0.3552,0.0905,0.1756,0.0005,0.0005,0.0293,0.0005,0.234,0.1132,0.0005
78,5,C005_P1_pdf.txt,23,0.3533,0.128,0.1838,0.0005,0.0005,0.0559,0.0005,0.0453,0.2316,0.0005
79,5,C005_P1_pdf.txt,24,0.5349,0.3402,0.001,0.001,0.001,0.0756,0.001,0.0433,0.001,0.001
80,5,C005_P1_pdf.txt,25,0.3663,0.2215,0.1637,0.001,0.001,0.001,0.0804,0.1629,0.001,0.001
81,5,C005_P1_pdf.txt,26,0.2205,0.2152,0.1371,0.0011,0.0011,0.0011,0.0011,0.4209,0.0011,0.0011
82,5,C005_P1_pdf.txt,27,0.5713,0.0009,0.187,0.0009,0.0009,0.115,0.0009,0.1216,0.0009,0.0009
83,5,C005_P1_pdf.txt,28,0.1956,0.2622,0.1628,0.0009,0.0009,0.065,0.0009,0.3098,0.0009,0.0009
84,5,C005_P1_pdf.txt,29,0.5107,0.0828,0.2846,0.0008,0.0008,0.0008,0.0008,0.064,0.054,0.0008
85,5,C005_P1_pdf.txt,30,0.2344,0.1734,0.1325,0.0008,0.0535,0.0242,0.0591,0.3204,0.0008,0.0008
86,5,C005_P1_pdf.txt,31,0.1866,0.0012,0.4503,0.0012,0.0012,0.0012,0.0012,0.355,0.0012,0.0012
87,5,C005_S1.txt,0,0.0002,0.4474,0.2036,0.0002,0.0002,0.1849,0.0224,0.0002,0.1406,0.0002
88,5,C005_S1.txt,1,0.0003,0.4597,0.4974,0.0003,0.0003,0.0411,0.0003,0.0003,0.0003,0.0003
89,5,C005_S1.txt,2,0.0003,0.6443,0.0527,0.0003,0.0003,0.1338,0.1061,0.0003,0.0616,0.0003
90,5,C005_S1.txt,3,0.0002,0.7872,0.0965,0.0002,0.0002,0.0166,0.0002,0.0002,0.0983,0.0002
91,5,C005_S1.txt,4,0.0003,0.5377,0.2005,0.0003,0.0003,0.0644,0.0333,0.0003,0.1626,0.0003
92,5,C005_S1.txt,5,0.0003,0.0003,0.9975,0.0003,0.0003,0.0003,0.0003,0.0003,0.0003,0.0003
93,5,C005_S1.txt,6,0.0009,0.3875,0.1678,0.0009,0.0009,0.0009,0.2731,0.0009,0.1662,0.0009
94,5,C005_S1.txt,7,0.0005,0.4374,0.1957,0.0005,0.0005,0.1482,0.1389,0.0005,0.0774,0.0005
95,6,C006_P1_v2.txt,0,0.0004,0.0004,0.0004,0.0004,0.0004,0.0004,0.0004,0.0004,0.996,0.0004
96,6,C006_P1_v2.txt,1,0.074,0.5513,0.0,0.0,0.0492,0.1615,0.1146,0.0,0.0493,0.0
97,6,C006_P1_v2.txt,2,0.3531,0.4616,0.0014,0.0014,0.0014,0.1756,0.0014,0.0014,0.0014,0.0014
98,6,C006_P1_v2.txt,3,0.7341,0.105,0.0008,0.0008,0.0008,0.1105,0.0008,0.0454,0.0008,0.0008
99,6,C006_P1_v2.txt,4,0.5026,0.1167,0.0463,0.0007,0.0007,0.154,0.0007,0.0656,0.1122,0.0007
100,6,C006_P1_v2.txt,5,0.4393,0.3054,0.0029,0.0029,0.0029,0.0029,0.0029,0.2353,0.0029,0.0029
101,7,C007_P1_pdf.txt,0,0.5012,0.1988,0.0003,0.0666,0.0003,0.0003,0.0003,0.0614,0.1707,0.0003
102,7,C007_P1_pdf.txt,1,0.238,0.4728,0.0003,0.0195,0.0753,0.0325,0.083,0.0003,0.0782,0.0003
103,7,C007_P1_pdf.txt,2,0.4722,0.4269,0.0003,0.0695,0.0003,0.0003,0.0003,0.0003,0.0298,0.0003
104,7,C007_P1_pdf.txt,3,0.4218,0.5309,0.0004,0.0004,0.0004,0.0004,0.0341,0.0111,0.0004,0.0004
105,7,C007_P1_pdf.txt,4,0.9118,0.0864,0.0002,0.0002,0.0002,0.0002,0.0002,0.0002,0.0002,0.0002
106,7,C007_P1_pdf.txt,5,0.9922,0.0009,0.0009,0.0009,0.0009,0.0009,0.0009,0.0009,0.0009,0.0009
107,7,C007_P1_pdf.txt,6,0.997,0.0003,0.0003,0.0003,0.0003,0.0003,0.0003,0.0003,0.0003,0.0003
108,7,C007_P1_pdf.txt,7,0.9971,0.0003,0.0003,0.0003,0.0003,0.0003,0.0003,0.0003,0.0003,0.0003
109,8,C008_P1_pdf.txt,0,0.0003,0.7264,0.0003,0.0003,0.0003,0.0003,0.0003,0.1349,0.1369,0.0003
110,8,C008_P1_pdf.txt,1,0.0003,0.8095,0.0003,0.0003,0.0003,0.0003,0.0003,0.0864,0.102,0.0003
111,8,C008_P1_pdf.txt,2,0.0003,0.9434,0.0003,0.0003,0.0003,0.0003,0.0003,0.0544,0.0003,0.0003
112,8,C008_P1_pdf.txt,3,0.0003,0.997,0.0003,0.0003,0.0003,0.0003,0.0003,0.0003,0.0003,0.0003
113,8,C008_P1_pdf.txt,4,0.1676,0.7098,0.0003,0.0003,0.0003,0.0003,0.0003,0.0003,0.1204,0.0003
114,8,C008_P1_pdf.txt,5,0.0003,0.9971,0.0003,0.0003,0.0003,0.0003,0.0003,0.0003,0.0003,0.0003
115,8,C008_P1_pdf.txt,6,0.0003,0.9971,0.0003,0.0003,0.0003,0.0003,0.0003,0.0003,0.0003,0.0003
116,8,C008_P1_pdf.txt,7,0.0005,0.8005,0.0005,0.1018,0.0005,0.0005,0.0005,0.0005,0.0943,0.0005
117,9,C009_P1_pdf.txt,0,0.0002,0.0002,0.0002,0.8285,0.0002,0.0002,0.0002,0.0002,0.17,0.0002
118,9,C009_P1_pdf.txt,1,0.0015,0.0015,0.9866,0.0015,0.0015,0.0015,0.0015,0.0015,0.0015,0.0015
119,9,C009_P1_pdf.txt,2,0.0002,0.0002,0.0002,0.8528,0.1458,0.0002,0.0002,0.0002,0.0002,0.0002
120,9,C009_P1_pdf.txt,3,0.0001,0.0001,0.0001,0.999,0.0001,0.0001,0.0001,0.0001,0.0001,0.0001
121,9,C009_P1_pdf.txt,4,0.0001,0.0001,0.0001,0.9989,0.0001,0.0001,0.0001,0.0001,0.0001,0.0001
122,9,C009_P1_pdf.txt,5,0.0001,0.0466,0.0001,0.9524,0.0001,0.0001,0.0001,0.0001,0.0001,0.0001
123,9,C009_P1_pdf.txt,6,0.0001,0.0001,0.0001,0.5942,0.0001,0.0001,0.0001,0.0001,0.4049,0.0001
124,9,C009_P1_pdf.txt,7,0.0001,0.0001,0.0001,0.075,0.1113,0.0001,0.0001,0.813,0.0001,0.0001
125,9,C009_P1_pdf.txt,8,0.0001,0.0001,0.0001,0.9989,0.0001,0.0001,0.0001,0.0001,0.0001,0.0001
126,9,C009_S1.txt,0,0.0008,0.0008,0.0008,0.0008,0.0008,0.0008,0.0008,0.9931,0.0008,0.0008
127,9,C009_S1.txt,1,0.0012,0.0012,0.0012,0.0012,0.1109,0.41,0.0012,0.4705,0.0012,0.0012
128,9,C009_S1.txt,2,0.0011,0.0011,0.0011,0.0011,0.0011,0.0011,0.0011,0.9902,0.0011,0.0011
129,9,C009_S1.txt,3,0.0013,0.0013,0.0013,0.0013,0.0013,0.0013,0.0013,0.2708,0.7192,0.0013
130,9,C009_S1.txt,4,0.0011,0.0011,0.0011,0.0011,0.0011,0.0011,0.0011,0.9905,0.0011,0.0011
131,9,C009_S1.txt,5,0.001,0.001,0.001,0.001,0.001,0.001,0.001,0.9914,0.001,0.001
132,9,C009_S1.txt,6,0.001,0.001,0.001,0.001,0.001,0.001,0.1498,0.001,0.4188,0.4245
133,9,C009_S1.txt,7,0.001,0.001,0.001,0.001,0.001,0.001,0.001,0.1853,0.001,0.8064
134,9,C009_S1.txt,8,0.0011,0.0011,0.0011,0.0011,0.0011,0.0011,0.0011,0.4375,0.0011,0.5536
135,9,C009_S1.txt,9,0.0012,0.0012,0.0012,0.1409,0.0012,0.0012,0.1902,0.6608,0.0012,0.0012
136,9,C009_S1.txt,10,0.0011,0.0011,0.0011,0.0011,0.0011,0.0011,0.0011,0.9903,0.0011,0.0011
137,9,C009_S1.txt,11,0.001,0.001,0.001,0.001,0.001,0.001,0.001,0.9912,0.001,0.001
138,9,C009_S1.txt,12,0.0009,0.0009,0.0009,0.0009,0.0009,0.0009,0.0009,0.9915,0.0009,0.0009
139,9,C009_S1.txt,13,0.0009,0.0009,0.0009,0.0009,0.0009,0.0009,0.0009,0.9916,0.0009,0.0009
140,9,C009_S1.txt,14,0.0012,0.0012,0.0012,0.0012,0.0012,0.0012,0.0012,0.7271,0.2633,0.0012
141,9,C009_S1.txt,15,0.0011,0.0011,0.0011,0.0011,0.0011,0.0011,0.0011,0.9897,0.0011,0.0011
142,9,C009_S1.txt,16,0.0011,0.0011,0.0011,0.0011,0.0011,0.0011,0.0011,0.9898,0.0011,0.0011
143,9,C009_S1.txt,17,0.0016,0.0016,0.0016,0.0016,0.1801,0.0016,0.0016,0.807,0.0016,0.0016
144,9,C009_S1.txt,18,0.0009,0.0009,0.0009,0.0009,0.0009,0.0009,0.0009,0.9915,0.0009,0.0009
145,9,C009_S1.txt,19,0.0013,0.0013,0.0013,0.0013,0.0013,0.0013,0.0013,0.9882,0.0013,0.0013
146,9,C009_S1.txt,20,0.0011,0.0011,0.0011,0.0011,0.0011,0.0011,0.0011,0.9904,0.0011,0.0011
147,9,C009_S1.txt,21,0.0006,0.0006,0.2945,0.0006,0.0006,0.0006,0.0006,0.7003,0.0006,0.0006
148,9,C009_S1.txt,22,0.0006,0.3633,0.0006,0.0006,0.0006,0.0006,0.0006,0.6317,0.0006,0.0006
149,9,C009_S1.txt,23,0.0019,0.4629,0.0019,0.0019,0.0019,0.0019,0.0019,0.5217,0.0019,0.0019
150,10,C010_P1.txt,0,0.0008,0.0008,0.0008,0.0008,0.0008,0.0008,0.0008,0.9931,0.0008,0.0008
151,10,C010_P1.txt,1,0.0012,0.0012,0.0012,0.0012,0.1109,0.41,0.0012,0.4705,0.0012,0.0012
152,10,C010_P1.txt,2,0.0011,0.0011,0.0011,0.0011,0.0011,0.0011,0.0011,0.9902,0.0011,0.0011
153,10,C010_P1.txt,3,0.0013,0.0013,0.0013,0.0013,0.0013,0.0013,0.0013,0.2708,0.7192,0.0013
154,10,C010_P1.txt,4,0.0011,0.0011,0.0011,0.0011,0.0011,0.0011,0.0011,0.9905,0.0011,0.0011
155,10,C010_P1.txt,5,0.001,0.001,0.001,0.001,0.001,0.001,0.001,0.9914,0.001,0.001
156,10,C010_P1.txt,6,0.001,0.001,0.001,0.001,0.001,0.001,0.1498,0.001,0.4188,0.4245
157,10,C010_P1.txt,7,0.001,0.001,0.001,0.001,0.001,0.001,0.001,0.1853,0.001,0.8064
158,10,C010_P1.txt,8,0.0011,0.0011,0.0011,0.0011,0.0011,0.0011,0.0011,0.4375,0.0011,0.5536
159,10,C010_P1.txt,9,0.0012,0.0012,0.0012,0.1409,0.0012,0.0012,0.1902,0.6608,0.0012,0.0012
160,10,C010_P1.txt,10,0.0011,0.0011,0.0011,0.0011,0.0011,0.0011,0.0011,0.9903,0.0011,0.0011
161,10,C010_P1.txt,11,0.001,0.001,0.001,0.001,0.001,0.001,0.001,0.9912,0.001,0.001
162,10,C010_P1.txt,12,0.0009,0.0009,0.0009,0.0009,0.0009,0.0009,0.0009,0.9915,0.0009,0.0009
163,10,C010_P1.txt,13,0.0009,0.0009,0.0009,0.0009,0.0009,0.0009,0.0009,0.9916,0.0009,0.0009
164,10,C010_P1.txt,14,0.0012,0.0012,0.0012,0.0012,0.0012,0.0012,0.0012,0.7271,0.2633,0.0012
165,10,C010_P1.txt,15,0.0011,0.0011,0.0011,0.0011,0.0011,0.0011,0.0011,0.9897,0.0011,0.0011
166,10,C010_P1.txt,16,0.0011,0.0011,0.0011,0.0011,0.0011,0.0011,0.0011,0.9898,0.0011,0.0011
167,10,C010_P1.txt,17,0.0016,0.0016,0.0016,0.0016,0.1801,0.0016,0.0016,0.807,0.0016,0.0016
168,10,C010_P1.txt,18,0.0009,0.0009,0.0009,0.0009,0.0009,0.0009,0.0009,0.9915,0.0009,0.0009
169,10,C010_P1.txt,19,0.0013,0.0013,0.0013,0.0013,0.0013,0.0013,0.0013,0.9882,0.0013,0.0013
170,10,C010_P1.txt,20,0.0011,0.0011,0.0011,0.0011,0.0011,0.0011,0.0011,0.9904,0.0011,0.0011
171,10,C010_P1.txt,21,0.0006,0.0006,0.2945,0.0006,0.0006,0.0006,0.0006,0.7003,0.0006,0.0006
172,10,C010_P1.txt,22,0.0006,0.3633,0.0006,0.0006,0.0006,0.0006,0.0006,0.6317,0.0006,0.0006
173,10,C010_P1.txt,23,0.0019,0.4629,0.0019,0.0019,0.0019,0.0019,0.0019,0.5217,0.0019,0.0019
174,10,C010_S1_pdf.txt,0,0.0002,0.0002,0.0002,0.8285,0.0002,0.0002,0.0002,0.0002,0.17,0.0002
175,10,C010_S1_pdf.txt,1,0.0015,0.0015,0.9866,0.0015,0.0015,0.0015,0.0015,0.0015,0.0015,0.0015
176,10,C010_S1_pdf.txt,2,0.0002,0.0002,0.0002,0.8528,0.1458,0.0002,0.0002,0.0002,0.0002,0.0002
177,10,C010_S1_pdf.txt,3,0.0001,0.0001,0.0001,0.999,0.0001,0.0001,0.0001,0.0001,0.0001,0.0001
178,10,C010_S1_pdf.txt,4,0.0001,0.0001,0.0001,0.9989,0.0001,0.0001,0.0001,0.0001,0.0001,0.0001
179,10,C010_S1_pdf.txt,5,0.0001,0.0466,0.0001,0.9524,0.0001,0.0001,0.0001,0.0001,0.0001,0.0001
180,10,C010_S1_pdf.txt,6,0.0001,0.0001,0.0001,0.5942,0.0001,0.0001,0.0001,0.0001,0.4049,0.0001
181,10,C010_S1_pdf.txt,7,0.0001,0.0001,0.0001,0.075,0.1113,0.0001,0.0001,0.813,0.0001,0.0001
182,10,C010_S1_pdf.txt,8,0.0001,0.0001,0.0001,0.9989,0.0001,0.0001,0.0001,0.0001,0.0001,0.0001
183,11,C011_P1_pdf.txt,0,0.0004,0.0004,0.1511,0.0004,0.0004,0.0004,0.0004,0.0004,0.1704,0.6758
184,11,C011_P1_pdf.txt,1,0.0003,0.0003,0.0003,0.0003,0.0003,0.0003,0.0003,0.0003,0.6202,0.3777
185,11,C011_P1_pdf.txt,2,0.0002,0.0002,0.0002,0.0002,0.0002,0.0002,0.0002,0.0002,0.0002,0.9978
186,11,C011_P1_pdf.txt,3,0.0004,0.0004,0.0004,0.0004,0.0004,0.0004,0.0004,0.0004,0.0004,0.9965
187,11,C011_P1_pdf.txt,4,0.0003,0.0003,0.0003,0.0003,0.0003,0.0003,0.0003,0.0003,0.0003,0.9969
188,11,C011_P1_pdf.txt,5,0.0003,0.0003,0.0003,0.0003,0.0003,0.0003,0.0003,0.0003,0.0003,0.9973
189,11,C011_P1_pdf.txt,6,0.0004,0.0004,0.0004,0.0004,0.0004,0.0004,0.0004,0.0004,0.0004,0.9966
190,11,C011_P1_pdf.txt,7,0.0003,0.0003,0.0003,0.0003,0.0003,0.0003,0.0003,0.0003,0.0447,0.953
191,11,C011_S1_pdf.txt,0,0.0003,0.0003,0.0003,0.0003,0.9973,0.0003,0.0003,0.0003,0.0003,0.0003
192,11,C011_S1_pdf.txt,1,0.0004,0.0004,0.0004,0.0004,0.9966,0.0004,0.0004,0.0004,0.0004,0.0004
193,11,C011_S1_pdf.txt,2,0.0002,0.0002,0.0002,0.0002,0.9978,0.0002,0.0002,0.0002,0.0002,0.0002
194,11,C011_S1_pdf.txt,3,0.0003,0.0003,0.0003,0.0003,0.9977,0.0003,0.0003,0.0003,0.0003,0.0003
195,11,C011_S1_pdf.txt,4,0.0003,0.0003,0.0003,0.0003,0.9974,0.0003,0.0003,0.0003,0.0003,0.0003
196,11,C011_S1_pdf.txt,5,0.0003,0.0003,0.0003,0.0003,0.9977,0.0003,0.0003,0.0003,0.0003,0.0003
197,11,C011_S1_pdf.txt,6,0.0003,0.0003,0.0003,0.0003,0.9971,0.0003,0.0003,0.0003,0.0003,0.0003
198,11,C011_S1_pdf.txt,7,0.0004,0.0004,0.0004,0.0004,0.0722,0.0004,0.9247,0.0004,0.0004,0.0004
199,12,C012_P1_pdf.txt,0,0.0004,0.0004,0.1511,0.0004,0.0004,0.0004,0.0004,0.0004,0.1704,0.6758
200,12,C012_P1_pdf.txt,1,0.0003,0.0003,0.0003,0.0003,0.0003,0.0003,0.0003,0.0003,0.6202,0.3777
201,12,C012_P1_pdf.txt,2,0.0002,0.0002,0.0002,0.0002,0.0002,0.0002,0.0002,0.0002,0.0002,0.9978
202,12,C012_P1_pdf.txt,3,0.0004,0.0004,0.0004,0.0004,0.0004,0.0004,0.0004,0.0004,0.0004,0.9965
203,12,C012_P1_pdf.txt,4,0.0003,0.0003,0.0003,0.0003,0.0003,0.0003,0.0003,0.0003,0.0003,0.9969
204,12,C012_P1_pdf.txt,5,0.0003,0.0003,0.0003,0.0003,0.0003,0.0003,0.0003,0.0003,0.0003,0.9973
205,12,C012_P1_pdf.txt,6,0.0004,0.0004,0.0004,0.0004,0.0004,0.0004,0.0004,0.0004,0.0004,0.9966
206,12,C012_P1_pdf.txt,7,0.0003,0.0003,0.0003,0.0003,0.0003,0.0003,0.0003,0.0003,0.0447,0.953
207,13,C013_P1.txt,0,0.0012,0.0012,0.0012,0.0012,0.1665,0.0012,0.0012,0.8236,0.0012,0.0012
208,13,C013_P1.txt,1,0.0007,0.0007,0.0007,0.1165,0.3576,0.0007,0.2381,0.0007,0.0007,0.2837
209,13,C013_P1.txt,2,0.0004,0.0004,0.0784,0.0004,0.0004,0.0004,0.0004,0.8535,0.0654,0.0004
210,13,C013_P1.txt,3,0.0004,0.0004,0.0004,0.0004,0.0004,0.5266,0.0004,0.47,0.0004,0.0004
211,13,C013_S1_pdf.txt,0,0.0003,0.0003,0.0003,0.0003,0.9973,0.0003,0.0003,0.0003,0.0003,0.0003
212,13,C013_S1_pdf.txt,1,0.0004,0.0004,0.0004,0.0004,0.9966,0.0004,0.0004,0.0004,0.0004,0.0004
213,13,C013_S1_pdf.txt,2,0.0002,0.0002,0.0002,0.0002,0.9978,0.0002,0.0002,0.0002,0.0002,0.0002
214,13,C013_S1_pdf.txt,3,0.0003,0.0003,0.0003,0.0003,0.9977,0.0003,0.0003,0.0003,0.0003,0.0003
215,13,C013_S1_pdf.txt,4,0.0003,0.0003,0.0003,0.0003,0.9974,0.0003,0.0003,0.0003,0.0003,0.0003
216,13,C013_S1_pdf.txt,5,0.0003,0.0003,0.0003,0.0003,0.9977,0.0003,0.0003,0.0003,0.0003,0.0003
217,13,C013_S1_pdf.txt,6,0.0003,0.0003,0.0003,0.0003,0.9971,0.0003,0.0003,0.0003,0.0003,0.0003
218,13,C013_S1_pdf.txt,7,0.0004,0.0004,0.0004,0.0004,0.0722,0.0004,0.9247,0.0004,0.0004,0.0004
219,14,C014_P1.txt,0,0.0012,0.0012,0.0012,0.0012,0.0012,0.0012,0.0012,0.9893,0.0012,0.0012
220,14,C014_P1.txt,1,0.0006,0.0006,0.4015,0.0006,0.1166,0.0006,0.0006,0.2563,0.1116,0.1112
221,14,C014_P1.txt,2,0.0004,0.0004,0.0004,0.0004,0.0004,0.0004,0.0004,0.9968,0.0004,0.0004
222,14,C014_P1.txt,3,0.0008,0.0008,0.0008,0.0008,0.0008,0.9927,0.0008,0.0008,0.0008,0.0008
223,14,C014_S1_pdf.txt,0,0.0004,0.0004,0.2317,0.0004,0.0937,0.0004,0.2158,0.0004,0.1013,0.3554
224,14,C014_S1_pdf.txt,1,0.0214,0.1158,0.2108,0.0744,0.0002,0.0377,0.0691,0.0002,0.0033,0.4671
225,14,C014_S1_pdf.txt,2,0.0003,0.0003,0.0003,0.0003,0.0003,0.0003,0.0003,0.0003,0.0003,0.9969
226,14,C014_S1_pdf.txt,3,0.0003,0.0003,0.1306,0.0003,0.0003,0.0003,0.0003,0.0003,0.0003,0.8669
227,14,C014_S1_pdf.txt,4,0.0004,0.0004,0.2635,0.0004,0.0004,0.0004,0.0004,0.0004,0.0004,0.7337
228,14,C014_S1_pdf.txt,5,0.0003,0.1649,0.1215,0.0003,0.0003,0.0003,0.0003,0.0003,0.0003,0.7116
229,14,C014_S1_pdf.txt,6,0.0003,0.1505,0.0736,0.1806,0.0003,0.0003,0.0003,0.0003,0.0003,0.5936
230,14,C014_S1_pdf.txt,7,0.0528,0.3281,0.207,0.1205,0.0003,0.0003,0.0003,0.0003,0.0679,0.2223
231,15,C015_P1_pdf.txt,0,0.0003,0.0003,0.2011,0.0003,0.1815,0.0003,0.404,0.048,0.1642,0.0003
232,15,C015_P1_pdf.txt,1,0.0002,0.0002,0.0002,0.0002,0.1345,0.0002,0.8638,0.0002,0.0002,0.0002
233,15,C015_P1_pdf.txt,2,0.0002,0.0002,0.2161,0.0002,0.2646,0.0002,0.4848,0.0002,0.0002,0.0331
234,15,C015_P1_pdf.txt,3,0.0004,0.1054,0.129,0.0985,0.0957,0.0254,0.4405,0.0361,0.0687,0.0004
235,15,C015_P1_pdf.txt,4,0.0227,0.0003,0.0775,0.0003,0.2339,0.0003,0.5979,0.0003,0.0177,0.0491
236,15,C015_P1_pdf.txt,5,0.0375,0.0596,0.0958,0.1709,0.1883,0.0003,0.4111,0.0003,0.0003,0.0359
237,15,C015_P1_pdf.txt,6,0.2014,0.0002,0.07,0.2239,0.147,0.0002,0.3565,0.0002,0.0002,0.0002
238,15,C015_P1_pdf.txt,7,0.6875,0.0002,0.0002,0.0002,0.0002,0.0002,0.3108,0.0002,0.0002,0.0002
239,15,C015_S1_pdf.txt,0,0.0003,0.0003,0.0003,0.0003,0.9973,0.0003,0.0003,0.0003,0.0003,0.0003
240,15,C015_S1_pdf.txt,1,0.0004,0.0004,0.0004,0.0004,0.9966,0.0004,0.0004,0.0004,0.0004,0.0004
241,15,C015_S1_pdf.txt,2,0.0002,0.0002,0.0002,0.0002,0.9978,0.0002,0.0002,0.0002,0.0002,0.0002
242,15,C015_S1_pdf.txt,3,0.0003,0.0003,0.0003,0.0003,0.9977,0.0003,0.0003,0.0003,0.0003,0.0003
243,15,C015_S1_pdf.txt,4,0.0003,0.0003,0.0003,0.0003,0.9974,0.0003,0.0003,0.0003,0.0003,0.0003
244,15,C015_S1_pdf.txt,5,0.0003,0.0003,0.0003,0.0003,0.9977,0.0003,0.0003,0.0003,0.0003,0.0003
245,15,C015_S1_pdf.txt,6,0.0003,0.0003,0.0003,0.0003,0.9971,0.0003,0.0003,0.0003,0.0003,0.0003
246,15,C015_S1_pdf.txt,7,0.0004,0.0004,0.0004,0.0004,0.0722,0.0004,0.9247,0.0004,0.0004,0.0004
247,16,C016_P1_pdf.txt,0,0.3348,0.0003,0.0003,0.0003,0.0505,0.011,0.4437,0.0801,0.0787,0.0003
248,16,C016_P1_pdf.txt,1,0.0008,0.0008,0.0008,0.0008,0.1269,0.0008,0.867,0.0008,0.0008,0.0008
249,16,C016_P1_pdf.txt,2,0.0018,0.0018,0.0018,0.0018,0.2796,0.1766,0.5315,0.0018,0.0018,0.0018
250,16,C016_P1_pdf.txt,3,0.1057,0.0003,0.0003,0.0003,0.0003,0.0003,0.8919,0.0003,0.0003,0.0003
251,16,C016_P1_pdf.txt,4,0.0742,0.1027,0.0003,0.0003,0.0793,0.0003,0.7418,0.0003,0.0003,0.0003
252,16,C016_P1_pdf.txt,5,0.073,0.114,0.0003,0.0839,0.1487,0.0003,0.5318,0.0003,0.0475,0.0003
253,16,C016_P1_pdf.txt,6,0.0407,0.0824,0.0004,0.1335,0.1428,0.0004,0.5024,0.0004,0.0968,0.0004
254,16,C016_P1_pdf.txt,7,0.0553,0.0849,0.0004,0.0858,0.1041,0.0004,0.5513,0.0004,0.1171,0.0004
255,16,C016_P1_pdf.txt,8,0.0004,0.1518,0.0004,0.0004,0.1845,0.0004,0.5992,0.0004,0.0618,0.0004
256,17,C017_P1.txt,0,0.3643,0.0003,0.0003,0.0003,0.0003,0.2276,0.2409,0.0003,0.1652,0.0003
257,17,C017_P1.txt,1,0.4217,0.0003,0.0003,0.0003,0.0981,0.1395,0.2977,0.007,0.0349,0.0003
258,17,C017_P1.txt,2,0.4263,0.0004,0.0488,0.0004,0.2035,0.0956,0.2239,0.0004,0.0004,0.0004
259,17,C017_P1.txt,3,0.3425,0.0775,0.0003,0.0003,0.0724,0.1172,0.2937,0.0003,0.0957,0.0003
260,17,C017_P1.txt,4,0.1402,0.1314,0.0002,0.0459,0.0002,0.2698,0.3148,0.0046,0.0926,0.0002
261,17,C017_P1.txt,5,0.4257,0.0659,0.0003,0.0326,0.2087,0.0003,0.2656,0.0003,0.0003,0.0003
262,17,C017_P1.txt,6,0.4674,0.1245,0.0006,0.0006,0.1261,0.0006,0.2505,0.0286,0.0006,0.0006
263,17,C017_P1.txt,7,0.581,0.0008,0.0008,0.0008,0.1784,0.0008,0.1772,0.0587,0.0008,0.0008
264,18,C018_P1_pdf.txt,0,0.0004,0.0004,0.0004,0.0004,0.0004,0.9961,0.0004,0.0004,0.0004,0.0004
265,18,C018_P1_pdf.txt,1,0.0923,0.0421,0.0007,0.0007,0.0007,0.5964,0.0007,0.1346,0.1312,0.0007
266,18,C018_P1_pdf.txt,2,0.0002,0.1115,0.0002,0.0002,0.0002,0.6212,0.2656,0.0002,0.0002,0.0002
267,18,C018_P1_pdf.txt,3,0.0003,0.0623,0.0003,0.0003,0.0873,0.4695,0.3791,0.0003,0.0003,0.0003
268,18,C018_P1_pdf.txt,4,0.1236,0.0523,0.0003,0.0003,0.0357,0.421,0.3471,0.0003,0.0193,0.0003
269,18,C018_P1_pdf.txt,5,0.0003,0.0003,0.0003,0.0003,0.0003,0.288,0.7096,0.0003,0.0003,0.0003
270,18,C018_P1_pdf.txt,6,0.0663,0.1333,0.0003,0.0003,0.2239,0.358,0.2169,0.0003,0.0003,0.0003
271,18,C018_P1_pdf.txt,7,0.1216,0.1538,0.0004,0.0004,0.1063,0.3805,0.1516,0.0004,0.0846,0.0004
272,18,C018_P1_pdf.txt,8,0.0004,0.0004,0.0004,0.0004,0.3807,0.3863,0.2304,0.0004,0.0004,0.0004
273,18,C018_S1_pdf.txt,0,0.0003,0.0003,0.0003,0.0003,0.0003,0.9975,0.0003,0.0003,0.0003,0.0003
274,18,C018_S1_pdf.txt,1,0.0003,0.0003,0.0003,0.0003,0.0003,0.5392,0.4587,0.0003,0.0003,0.0003
275,18,C018_S1_pdf.txt,2,0.0002,0.0002,0.0002,0.0002,0.0002,0.998,0.0002,0.0002,0.0002,0.0002
276,18,C018_S1_pdf.txt,3,0.0002,0.0002,0.0002,0.0002,0.0002,0.352,0.6461,0.0002,0.0002,0.0002
277,18,C018_S1_pdf.txt,4,0.0003,0.0003,0.0003,0.0003,0.1302,0.5768,0.2911,0.0003,0.0003,0.0003
278,18,C018_S1_pdf.txt,5,0.0003,0.0003,0.0003,0.0003,0.6306,0.3672,0.0003,0.0003,0.0003,0.0003
279,18,C018_S1_pdf.txt,6,0.0004,0.4993,0.0004,0.0004,0.0004,0.4978,0.0004,0.0004,0.0004,0.0004
280,18,C018_S1_pdf.txt,7,0.0003,0.0003,0.0003,0.0003,0.6292,0.2603,0.1082,0.0003,0.0003,0.0003
281,19,C019_P1_pdf.txt,0,0.1024,0.1531,0.0003,0.0003,0.0003,0.4858,0.0003,0.1096,0.1475,0.0003
282,19,C019_P1_pdf.txt,1,0.2155,0.0005,0.0005,0.0005,0.2156,0.3486,0.0005,0.0005,0.2171,0.0005
283,19,C019_P1_pdf.txt,2,0.2494,0.2064,0.0409,0.0003,0.0092,0.3964,0.055,0.0003,0.0236,0.0184
284,19,C019_P1_pdf.txt,3,0.0007,0.0007,0.0007,0.0007,0.0007,0.9551,0.0007,0.0007,0.0007,0.0394
285,19,C019_P1_pdf.txt,4,0.0223,0.364,0.0003,0.0003,0.0003,0.448,0.1139,0.0003,0.0504,0.0003
286,19,C019_P1_pdf.txt,5,0.0005,0.0005,0.0005,0.0005,0.0005,0.9951,0.0005,0.0005,0.0005,0.0005
287,19,C019_P1_pdf.txt,6,0.098,0.229,0.0306,0.0003,0.0003,0.4848,0.1084,0.0003,0.0478,0.0003
288,19,C019_P1_pdf.txt,7,0.0162,0.3685,0.0436,0.0003,0.0003,0.383,0.0693,0.0003,0.1181,0.0003
289,19,C019_S1_pdf.txt,0,0.0003,0.0003,0.0003,0.0003,0.0003,0.9975,0.0003,0.0003,0.0003,0.0003
290,19,C019_S1_pdf.txt,1,0.0003,0.0003,0.0003,0.0003,0.0003,0.5392,0.4587,0.0003,0.0003,0.0003
291,19,C019_S1_pdf.txt,2,0.0002,0.0002,0.0002,0.0002,0.0002,0.998,0.0002,0.0002,0.0002,0.0002
292,19,C019_S1_pdf.txt,3,0.0002,0.0002,0.0002,0.0002,0.0002,0.352,0.6461,0.0002,0.0002,0.0002
293,19,C019_S1_pdf.txt,4,0.0003,0.0003,0.0003,0.0003,0.1302,0.5768,0.2911,0.0003,0.0003,0.0003
294,19,C019_S1_pdf.txt,5,0.0003,0.0003,0.0003,0.0003,0.6306,0.3672,0.0003,0.0003,0.0003,0.0003
295,19,C019_S1_pdf.txt,6,0.0004,0.4993,0.0004,0.0004,0.0004,0.4978,0.0004,0.0004,0.0004,0.0004
296,19,C019_S1_pdf.txt,7,0.0003,0.0003,0.0003,0.0003,0.6292,0.2603,0.1082,0.0003,0.0003,0.0003
297,20,C020_P1_pdf.txt,0,0.0011,0.2074,0.0011,0.0011,0.1177,0.0011,0.0011,0.4656,0.2028,0.0011
298,20,C020_P1_pdf.txt,1,0.0006,0.3585,0.0006,0.0006,0.0006,0.2205,0.0039,0.0006,0.4138,0.0006
299,20,C020_P1_pdf.txt,2,0.0005,0.5796,0.0005,0.0005,0.0005,0.0523,0.0005,0.0005,0.3642,0.0005
300,20,C020_P1_pdf.txt,3,0.0005,0.6199,0.0005,0.0005,0.0005,0.0567,0.0005,0.0005,0.3202,0.0005
301,20,C020_P1_pdf.txt,4,0.0005,0.2638,0.0283,0.0005,0.0005,0.2705,0.1995,0.0005,0.2356,0.0005
302,20,C020_P1_pdf.txt,5,0.0006,0.2576,0.0894,0.0006,0.0006,0.1689,0.0971,0.0006,0.346,0.0386
303,20,C020_P1_pdf.txt,6,0.0008,0.4702,0.0008,0.1015,0.0008,0.0853,0.0008,0.0008,0.3383,0.0008
304,20,C020_P1_pdf.txt,7,0.3914,0.3069,0.0004,0.0004,0.0004,0.0004,0.0905,0.0004,0.2087,0.0004
305,21,C021_P1.txt,0,0.869,0.0005,0.0005,0.0005,0.0005,0.0005,0.0005,0.1266,0.0005,0.0006
306,21,C021_P1.txt,1,0.665,0.1209,0.0006,0.0451,0.0006,0.0006,0.0006,0.1408,0.0006,0.0253
307,21,C021_P1.txt,2,0.5437,0.0008,0.0008,0.0008,0.0008,0.0008,0.0008,0.0522,0.3984,0.0008
308,21,C021_P1.txt,3,0.8747,0.1194,0.0007,0.0007,0.0007,0.0007,0.0007,0.0007,0.0007,0.0007
309,21,C021_P1.txt,4,0.991,0.001,0.001,0.001,0.001,0.001,0.001,0.001,0.001,0.001
310,21,C021_P1.txt,5,0.8843,0.0022,0.0022,0.0022,0.0983,0.0022,0.0022,0.0022,0.0022,0.0022
311,21,C021_P1.txt,6,0.7643,0.1798,0.0012,0.0012,0.0478,0.0012,0.0012,0.0012,0.0012,0.0012
312,21,C021_P1.txt,7,0.681,0.0016,0.3065,0.0016,0.0016,0.0016,0.0016,0.0016,0.0016,0.0016
313,21,C021_P1.txt,8,0.8373,0.0016,0.0016,0.0016,0.0016,0.0016,0.0016,0.0016,0.1496,0.0016
314,21,C021_P1.txt,9,0.4963,0.3033,0.0659,0.0316,0.0979,0.001,0.001,0.001,0.001,0.001
315,21,C021_P1.txt,10,0.8672,0.0029,0.0029,0.0029,0.0029,0.0029,0.0029,0.0029,0.0029,0.1093
316,21,C021_P1.txt,11,0.9871,0.0014,0.0014,0.0014,0.0014,0.0014,0.0014,0.0014,0.0014,0.0014
317,21,C021_P1.txt,12,0.8002,0.1787,0.0026,0.0026,0.0026,0.0026,0.0026,0.0026,0.0026,0.0026
318,21,C021_P1.txt,13,0.8917,0.0011,0.0011,0.0011,0.0011,0.0011,0.0011,0.0011,0.0011,0.0994
319,21,C021_P1.txt,14,0.9913,0.001,0.001,0.001,0.001,0.001,0.001,0.001,0.001,0.001
320,21,C021_P1.txt,15,0.9913,0.001,0.001,0.001,0.001,0.001,0.001,0.001,0.001,0.001
321,21,C021_P1.txt,16,0.9268,0.0636,0.0012,0.0012,0.0012,0.0012,0.0012,0.0012,0.0012,0.0012
322,21,C021_P1.txt,17,0.7098,0.1643,0.0019,0.0422,0.0019,0.0019,0.0019,0.0019,0.0727,0.0019
323,21,C021_P1.txt,18,0.7286,0.0009,0.0009,0.0009,0.1266,0.0009,0.0009,0.0009,0.0009,0.1384
324,21,C021_P1.txt,19,0.8153,0.0009,0.0009,0.1171,0.0009,0.0009,0.0009,0.0009,0.0009,0.0615
325,21,C021_P1.txt,20,0.9892,0.0012,0.0012,0.0012,0.0012,0.0012,0.0012,0.0012,0.0012,0.0012
326,21,C021_P1.txt,21,0.8853,0.0011,0.0011,0.0481,0.0011,0.0011,0.0011,0.0011,0.0011,0.0586
327,21,C021_P1.txt,22,0.7253,0.1887,0.0775,0.0012,0.0012,0.0012,0.0012,0.0012,0.0012,0.0012
328,21,C021_P1.txt,23,0.5631,0.0915,0.0473,0.0009,0.0009,0.0009,0.1252,0.0009,0.0009,0.1682
329,21,C021_P1.txt,24,0.731,0.1008,0.0012,0.0582,0.0012,0.0012,0.0012,0.0012,0.0012,0.103
330,21,C021_P1.txt,25,0.4896,0.0009,0.0009,0.2729,0.0009,0.0009,0.0009,0.0009,0.0009,0.231
331,21,C021_P1.txt,26,0.5935,0.0016,0.0016,0.1708,0.0016,0.0016,0.0016,0.1191,0.0016,0.1071
332,21,C021_P1.txt,27,0.5386,0.1556,0.2377,0.0017,0.0017,0.0577,0.0017,0.0017,0.0017,0.0017
333,21,C021_P1.txt,28,0.7678,0.1004,0.1244,0.0011,0.0011,0.0011,0.0011,0.0011,0.0011,0.0011
334,21,C021_P1.txt,29,0.8052,0.0395,0.104,0.0011,0.0011,0.0011,0.0011,0.0011,0.0449,0.0011
335,21,C021_P1.txt,30,0.8617,0.0008,0.0165,0.0008,0.0008,0.0008,0.0008,0.0008,0.0008,0.1159
336,21,C021_P1.txt,31,0.6244,0.341,0.0271,0.0011,0.0011,0.0011,0.0011,0.0011,0.0011,0.0011
337,21,C021_P1.txt,32,0.6356,0.0014,0.0014,0.3536,0.0014,0.0014,0.0014,0.0014,0.0014,0.0014
338,21,C021_P1.txt,33,0.5511,0.1872,0.0445,0.1092,0.001,0.001,0.001,0.001,0.001,0.1028
339,21,C021_P1.txt,34,0.4506,0.4177,0.0014,0.0014,0.0014,0.0014,0.0014,0.034,0.089,0.0014
340,21,C021_P1.txt,35,0.2103,0.1721,0.0805,0.2052,0.0016,0.1677,0.158,0.0016,0.0016,0.0016
341,21,C021_P1.txt,36,0.8142,0.1502,0.0014,0.026,0.0014,0.0014,0.0014,0.0014,0.0014,0.0014
342,21,C021_P1.txt,37,0.4207,0.228,0.0021,0.1594,0.0021,0.0021,0.0021,0.0021,0.1792,0.0021
343,21,C021_P1.txt,38,0.4389,0.5516,0.0012,0.0012,0.0012,0.0012,0.0012,0.0012,0.0012,0.0012
344,21,C021_P1.txt,39,0.1641,0.4923,0.1396,0.0023,0.0023,0.0023,0.0023,0.0394,0.153,0.0023
345,21,C021_P1.txt,40,0.6148,0.0698,0.001,0.001,0.148,0.001,0.001,0.001,0.1612,0.001
346,21,C021_P1.txt,41,0.4714,0.0012,0.0012,0.0012,0.0012,0.0012,0.0012,0.4421,0.0012,0.0781
347,21,C021_P1.txt,42,0.4127,0.3691,0.0012,0.0012,0.0012,0.0012,0.0012,0.0012,0.2096,0.0012
348,21,C021_P1.txt,43,0.9873,0.0014,0.0014,0.0014,0.0014,0.0014,0.0014,0.0014,0.0014,0.0014
349,21,C021_P1.txt,44,0.6506,0.2072,0.0009,0.0009,0.0009,0.0009,0.1359,0.0009,0.0009,0.0009
350,21,C021_P1.txt,45,0.9907,0.001,0.001,0.001,0.001,0.001,0.001,0.001,0.001,0.001
351,21,C021_P1.txt,46,0.9423,0.0012,0.0012,0.0012,0.0012,0.0012,0.0012,0.0478,0.0012,0.0012
352,21,C021_P1.txt,47,0.9923,0.0009,0.0009,0.0009,0.0009,0.0009,0.0009,0.0009,0.0009,0.0009
353,21,C021_P1.txt,48,0.9912,0.001,0.001,0.001,0.001,0.001,0.001,0.001,0.001,0.001
354,21,C021_P1.txt,49,0.9894,0.0012,0.0012,0.0012,0.0012,0.0012,0.0012,0.0012,0.0012,0.0012
355,21,C021_P1.txt,50,0.6095,0.2916,0.001,0.001,0.001,0.001,0.001,0.001,0.001,0.0922
356,21,C021_P1.txt,51,0.6639,0.0007,0.0875,0.0007,0.0007,0.0495,0.0007,0.1951,0.0007,0.0007
357,21,C021_P1.txt,52,0.8764,0.0007,0.0007,0.0007,0.0007,0.0007,0.0007,0.1181,0.0007,0.0007
358,21,C021_P1.txt,53,0.9088,0.0867,0.0006,0.0006,0.0006,0.0006,0.0006,0.0006,0.0006,0.0006
359,21,C021_P1.txt,54,0.9947,0.0006,0.0006,0.0006,0.0006,0.0006,0.0006,0.0006,0.0006,0.0006
360,21,C021_P1.txt,55,0.7104,0.2838,0.0007,0.0007,0.0007,0.0007,0.0007,0.0007,0.0007,0.0007
361,21,C021_P1.txt,56,0.7349,0.0007,0.0481,0.0295,0.0007,0.0007,0.041,0.0373,0.0007,0.1063
362,21,C021_P1.txt,57,0.4769,0.0014,0.0014,0.2369,0.0014,0.0014,0.0014,0.0014,0.0014,0.2762
363,21,C021_P1.txt,58,0.7582,0.0007,0.0007,0.0007,0.0007,0.0007,0.0007,0.1789,0.0007,0.0577
364,21,C021_P1.txt,59,0.6911,0.1755,0.0008,0.0008,0.0583,0.0008,0.0008,0.0706,0.0008,0.0008
365,21,C021_P1.txt,60,0.9937,0.0007,0.0007,0.0007,0.0007,0.0007,0.0007,0.0007,0.0007,0.0007
366,21,C021_P1.txt,61,0.8992,0.0008,0.0008,0.0008,0.0008,0.0183,0.0008,0.0766,0.0008,0.0008
367,21,C021_P1.txt,62,0.6205,0.001,0.001,0.001,0.001,0.1165,0.0807,0.1763,0.001,0.001
368,21,C021_P1.txt,63,0.9892,0.0012,0.0012,0.0012,0.0012,0.0012,0.0012,0.0012,0.0012,0.0012
369,21,C021_P1.txt,64,0.9914,0.001,0.001,0.001,0.001,0.001,0.001,0.001,0.001,0.001
370,21,C021_P1.txt,65,0.8712,0.0009,0.0009,0.0009,0.0009,0.0009,0.0009,0.1217,0.0009,0.0009
371,21,C021_P1.txt,66,0.6158,0.0013,0.0013,0.0013,0.0013,0.146,0.0013,0.0013,0.1998,0.0304
372,21,C021_S1_pdf.txt,0,0.1906,0.1978,0.0893,0.5208,0.0002,0.0002,0.0002,0.0002,0.0002,0.0002
373,21,C021_S1_pdf.txt,1,0.0002,0.0002,0.0002,0.9983,0.0002,0.0002,0.0002,0.0002,0.0002,0.0002
374,21,C021_S1_pdf.txt,2,0.0003,0.0003,0.1866,0.8111,0.0003,0.0003,0.0003,0.0003,0.0003,0.0003
375,21,C021_S1_pdf.txt,3,0.0003,0.0003,0.0003,0.9971,0.0003,0.0003,0.0003,0.0003,0.0003,0.0003
376,21,C021_S1_pdf.txt,4,0.0002,0.0002,0.0002,0.9978,0.0002,0.0002,0.0002,0.0002,0.0002,0.0002
377,21,C021_S1_pdf.txt,5,0.0003,0.354,0.0003,0.644,0.0003,0.0003,0.0003,0.0003,0.0003,0.0003
378,21,C021_S1_pdf.txt,6,0.0003,0.0003,0.0003,0.9974,0.0003,0.0003,0.0003,0.0003,0.0003,0.0003
379,21,C021_S1_pdf.txt,7,0.0002,0.0002,0.0002,0.7763,0.0002,0.0002,0.0002,0.0002,0.0002,0.2217
380,21,C021_S2.txt,0,0.9947,0.0006,0.0006,0.0006,0.0006,0.0006,0.0006,0.0006,0.0006,0.0006
381,21,C021_S2.txt,1,0.9019,0.0005,0.0005,0.0005,0.0005,0.0005,0.0945,0.0005,0.0005,0.0005
382,21,C021_S2.txt,2,0.9943,0.0006,0.0006,0.0006,0.0006,0.0006,0.0006,0.0006,0.0006,0.0006
383,21,C021_S2.txt,3,0.5235,0.0009,0.0009,0.0143,0.0009,0.0009,0.2651,0.1917,0.0009,0.0009
384,21,C021_S2.txt,4,0.5868,0.0008,0.0008,0.0008,0.0008,0.0008,0.0008,0.4071,0.0008,0.0008
385,21,C021_S2.txt,5,0.6857,0.2699,0.0241,0.0004,0.0004,0.0004,0.0004,0.0182,0.0004,0.0004
386,21,C021_S2.txt,6,0.9956,0.0005,0.0005,0.0005,0.0005,0.0005,0.0005,0.0005,0.0005,0.0005
387,22,C022_P1_pdf.txt,0,0.1906,0.1978,0.0893,0.5208,0.0002,0.0002,0.0002,0.0002,0.0002,0.0002
388,22,C022_P1_pdf.txt,1,0.0002,0.0002,0.0002,0.9983,0.0002,0.0002,0.0002,0.0002,0.0002,0.0002
389,22,C022_P1_pdf.txt,2,0.0003,0.0003,0.1866,0.8111,0.0003,0.0003,0.0003,0.0003,0.0003,0.0003
390,22,C022_P1_pdf.txt,3,0.0003,0.0003,0.0003,0.9971,0.0003,0.0003,0.0003,0.0003,0.0003,0.0003
391,22,C022_P1_pdf.txt,4,0.0002,0.0002,0.0002,0.9978,0.0002,0.0002,0.0002,0.0002,0.0002,0.0002
392,22,C022_P1_pdf.txt,5,0.0003,0.354,0.0003,0.644,0.0003,0.0003,0.0003,0.0003,0.0003,0.0003
393,22,C022_P1_pdf.txt,6,0.0003,0.0003,0.0003,0.9974,0.0003,0.0003,0.0003,0.0003,0.0003,0.0003
394,22,C022_P1_pdf.txt,7,0.0002,0.0002,0.0002,0.7763,0.0002,0.0002,0.0002,0.0002,0.0002,0.2217
395,23,C023_P1.txt,0,0.0011,0.0011,0.2005,0.0011,0.0011,0.0011,0.0011,0.7906,0.0011,0.0011
396,23,C023_P1.txt,1,0.0005,0.0777,0.7168,0.0005,0.0005,0.0005,0.0005,0.2017,0.0005,0.0005
397,23,C023_P1.txt,2,0.0004,0.0004,0.0004,0.0004,0.0004,0.0004,0.0004,0.9968,0.0004,0.0004
398,23,C023_P1.txt,3,0.0009,0.0009,0.0009,0.0009,0.0009,0.9922,0.0009,0.0009,0.0009,0.0009
399,24,C024_P1_pdf.txt,0,0.0007,0.0007,0.0501,0.0007,0.0007,0.0007,0.8608,0.0007,0.0841,0.0007
400,24,C024_P1_pdf.txt,1,0.0479,0.0005,0.1028,0.0005,0.0561,0.0005,0.5859,0.0005,0.1435,0.0617
401,24,C024_P1_pdf.txt,2,0.0005,0.0005,0.0005,0.0604,0.0916,0.0005,0.7185,0.0263,0.0005,0.1007
402,24,C024_P1_pdf.txt,3,0.0681,0.0005,0.0005,0.0005,0.0005,0.0005,0.6056,0.0005,0.1397,0.1836
403,24,C024_P1_pdf.txt,4,0.0006,0.0006,0.0006,0.0006,0.0006,0.0006,0.8123,0.0006,0.183,0.0006
404,24,C024_P1_pdf.txt,5,0.0006,0.0745,0.1361,0.0006,0.0006,0.0006,0.7853,0.0006,0.0006,0.0006
405,24,C024_P1_pdf.txt,6,0.1773,0.2122,0.0729,0.0646,0.0006,0.0006,0.4276,0.0006,0.0267,0.0168
406,24,C024_P1_pdf.txt,7,0.0006,0.0006,0.0006,0.0006,0.0006,0.0006,0.9943,0.0006,0.0006,0.0006
407,24,C024_S1.txt,0,0.0001,0.0001,0.0001,0.0001,0.0001,0.0001,0.0001,0.0001,0.9994,0.0001
408,25,C025_P1.txt,0,0.0001,0.0001,0.0001,0.0001,0.0001,0.0001,0.0001,0.0001,0.9994,0.0001
409,25,C025_S1.txt,0,0.0002,0.0002,0.0002,0.0002,0.0002,0.0002,0.3776,0.0002,0.6206,0.0002
410,26,C026_P1.txt,0,0.0002,0.0002,0.0002,0.0002,0.0002,0.0002,0.3776,0.0002,0.6206,0.0002
411,26,C026_S1.txt,0,0.0001,0.0001,0.0001,0.0001,0.0001,0.0001,0.0001,0.0001,0.9994,0.0001
412,27,C027_P1_pdf.txt,0,0.0002,0.0002,0.998,0.0002,0.0002,0.0002,0.0002,0.0002,0.0002,0.0002
413,27,C027_P1_pdf.txt,1,0.0002,0.0002,0.9981,0.0002,0.0002,0.0002,0.0002,0.0002,0.0002,0.0002
414,27,C027_P1_pdf.txt,2,0.0002,0.0002,0.9981,0.0002,0.0002,0.0002,0.0002,0.0002,0.0002,0.0002
415,27,C027_P1_pdf.txt,3,0.0002,0.0885,0.8996,0.0002,0.0002,0.0002,0.0002,0.0101,0.0002,0.0002
416,27,C027_P1_pdf.txt,4,0.0003,0.0003,0.9976,0.0003,0.0003,0.0003,0.0003,0.0003,0.0003,0.0003
417,27,C027_P1_pdf.txt,5,0.0002,0.0002,0.9458,0.0524,0.0002,0.0002,0.0002,0.0002,0.0002,0.0002
418,27,C027_P1_pdf.txt,6,0.0002,0.0002,0.785,0.0002,0.2132,0.0002,0.0002,0.0002,0.0002,0.0002
419,27,C027_P1_pdf.txt,7,0.0002,0.0002,0.7635,0.0002,0.0002,0.0002,0.0002,0.0002,0.0002,0.2346
420,27,C027_S1.txt,0,0.0007,0.0007,0.0007,0.0007,0.5366,0.4577,0.0007,0.0007,0.0007,0.0007
421,27,C027_S1.txt,1,0.0009,0.0009,0.2593,0.0009,0.0009,0.7337,0.0009,0.0009,0.0009,0.0009
422,27,C027_S1.txt,2,0.0008,0.0008,0.6814,0.0008,0.0008,0.3123,0.0008,0.0008,0.0008,0.0008
423,28,C028_P1_pdf.txt,0,0.0002,0.1329,0.555,0.0223,0.0572,0.0628,0.0723,0.0095,0.0878,0.0002
424,28,C028_P1_pdf.txt,1,0.0496,0.0002,0.8139,0.0002,0.0369,0.0109,0.0417,0.0002,0.046,0.0002
425,28,C028_P1_pdf.txt,2,0.0002,0.0002,0.9158,0.0002,0.0002,0.0002,0.0641,0.019,0.0002,0.0002
426,28,C028_P1_pdf.txt,3,0.0002,0.0002,0.9983,0.0002,0.0002,0.0002,0.0002,0.0002,0.0002,0.0002
